-.0000004052
.0000003536
.0000001323
.00000011076
.00000026605
.0001329376
.0000001707
.00000006681
-.00000023789
.0078188728
.00024956633
.00007462041
-.00000002133
-.00000021347
.00008405169
.00000019163
-.00000039493
-.00000031133
.0000002735
-.00000009191
.00002665666
-.0000004007
.0000004666
.00000035906
.0000001639
.0003010824
.0000002392
.00000032683
-.0000004195
.0000364658
.00000052858
.0000015563
-.0000007606
-.0000005554
.0000000327
-.00000010043
-.00000030491
.0000098565
.00000006685
.0066617233
-.00000005302
.00000276372
.0140343238
.00000011333
-.0000000562
.00000000449
-.00000003771
-.0000001189
-.00000016791
.00006523993
.0000005198
-.00000005237
-.00000015227
.0002184717
.00000013963
-.00000019186
.0000002774
.0357259202
-.00000010386
.00026799103
.00000004514
.03871533528
.01923824612
.0000006872
.00000007131
-.00000004902
-.00000033019
.00000020478
.0000000723
.00000012649
