.00240902664
.00000006975
-.00000025514
.0000173415
-.00000009239
.000000006
.0000274844
.000000299
.0006511744
.0039843809
-.00000000906
.0000259553
.0000862698
-.0021175548
-.00000023032
.0028122676
.0143346809
.00000122111
-.0000000288
.0245515746
.0000007229
.00000448918
-.00000009285
.0000006071
.0000005531
-.00000017588
.0135754681
.000000405
-.0104013213
-.0000000256
.00000002769
.0756829066
.0117576096
-.0000004823
.06974460204
.0145848067
.0000901008
.0000002821
.0013178599
.0000055156
.0341966619
.00000005166
.000666795115
.0000005568
.00002430564
-.00000004979
-.00000003179
.00011186314
.0004380332
.0006877726
.00001076025
.0021726198
-.0000004492
.00001403
.001001700262
.0000186735
.0000002684
-.00000010768
-.0000000092
-.0000000261
.0000177541
-.0000004193
-.0000001666
.00000324189
-.0000000606
.0000005373
.0030669772
.0002528006
.0181300154
.0066211648
.011605328
.0726540317
-.0000002381
.0003210281
.0011118696
-.0000002723
.0010078886
-.0000002369
.00000006919
.000140248
.0000004216
.00000018373
-.0000004459
.000338292
.0010586377
-.00000015476
.0135890034
.00000007521
-.000000864
.0000004028
.0086975798
.0624073812
.0002098316
.0000002983
.0019002617
.0016392071
.0002743455
-.00000019294
.0000004899
-.0000000277
-.0000002682
.000000328
-.00000034672
.0003228562
-.00000002622
.00000016171
.0007571908
.0000007059
-.0000000283
.0032363941
-.0000001678
.0000973057
.0036629689
.0157707481
.0000022336
.0006292521
.023224816
-.00000012201
.0000002329
.00000009731
.00000012291
.0000006886
.0000004566
.0035752625
.00000005894
.00000029085
.0000059848
.00030689318
.0010002503
.0000070235
.0004605805
.000000496
.0017738309
-.0000001183
.0000694757
-.000000332
.0002389791
.0043363428
.0474652453
.0316956979
.0000003668
-.0000004742
.015347431
-.0000001208
.0139339285
.0000285054
-.0000003796
.0054874451
-.00000006731
.0005956233
.00012092283
.0003913728
.000000212
.0008996129
.001895086
.0000022329
-.000000047
.0192576059
.00000007711
.00071603843
.0086967623
.00090386295
.06637879178
.0201746163
-.0000005724
.0002475244
.00014643121
.00000013196
-.0000008585
.0017061072
.00000015728
.00089549552
.0000004095
.0000091806
-.0000000133
.0082271547
.0006229505
.00011994458
.0015078586
.000000398
.0227151169
.0000000408
.00001507684
.00237083406
-.00000025218
.0000783136
.0000644851
.0002488501
.0000002391
.0000725933
.0002462156
.0000000646
.00000005891
-.0000002708
.0000002139
