.1178358794
-.0000000262
.0000664991
.01622653064
-.0000000109
.0000003046
-.00000002821
.1641144542
.00304131186
.0008432334
.00000024267
-.0000002637
.0945834891
.0004499147
.0022834755
-.0000006975
.0000001509
.00083611088
.00068081364
.00000368138
.000231599327
.0096155611
.00000012547
.0005250602
.00736268809
-.0000000122
.0361788282
-.0000020475
.107783963
.00111849639
.0066190369
.0021097644
.0256866549
.0042938176
.0027349552
.00000253
.00092912772
.0000000187
-.00000008248
.00873802081
.00000033911
.01900595656
.003177981
.0026448864
.00005479301
.00126961728
-.0000008152
.0053925795
.01009658566
.0059500342
.00296922443
.0042315622
-.00000020771
-.0000003132
.0000376558
-.00000041974
.0083290942
.1592186148
.0000002551
.00014199472
.00000014153
.21233839601
.00517830939
.0011537749
.26043818533
.00000004129
.001366602473
.02467783918
.0061267645
.00030871779
.00045717884
.0001120533
.01458606771
.1538005979
.00129678426
.0006196779
-.0000002989
.00066861443
.0005329199
.01151514225
.1607011203
-.00000005456
.00646706801
-.000000218
.0000002965
.00000006527
.0030118286
.002997949
.0000000908
.000881851
.00549969125
.00470911653
.00000009446
.0000005077
.0004606206
.00444547092
.00000023931
.1758479408
.00017848026
.00349810962
.00924586239
-.0000000669
.0289197135
.00000026203
.00037513106
.00422227087
.0000000822
.00889920176
.0002752999
.0019356801
.00267303
.00000005504
.0000982826
.288819303
.00006658953
.2552675653
.0170871724
.00038617934
.000025122
.0013067082
.01307265517
.0857983886
.0020832569
.00099078523
.00768095111
-.00000014937
.0018352417
-.0000002522
.00000056404
.1760518724
.1585765073
.01122724807
-.00000010581
.00165828928
.0034282049
.0016607533
.00528401737
.0003832319
.00000004083
-.0000001077
.0000732923
.00249173991
.1222962331
.00000016019
.0000001514
.00000013903
.00027613899
.0000000924
.0003679709
.0001023099
.0001465391
.00625947851
.00016052734
-.00000016664
.00078315475
.0014673534
.00019702802
.00000000801
.01137174264
.0010245518
-.00000036916
-.00000005286
.00000909368
.0000002298
.0018777742
.00199470987
.000345493605
.0000292179
.0063597046
.00000000747
.0149784125
.00008963373
.0019264559
.00013344568
.0000009205
.00203459975
.0009385482
.0000120176
.00068210492
-.00000001315
.1881534623
.0030126619
-.00000008819
.15521847686
.19586131505
.0328500009
.0046943595
.00158652707
.0004698123
.00000033076
-.00000002654
.23404079926
.00000004936
.0015898941
.0004530119
.0000007611
.0012448533
.00859887471
.00000015859
.0000000151
.0000114287
.0000002481
.000430235
-.0000001702
.0052639859
.0078951322
.01207778601
.1951085326
.00000009648
.0000000855
.00147626371
.0031883363
.0000005809
.00000017031
.01511162748
.01203649869
.26186305509
.00553286452
.0039482851
.0001692897
-.00000001538
.0003741814
.0007145847
.0000002219
.00153525512
.00284936838
.01465313794
.000908763
-.00030233289
.0013217381
-.1565869309
.00073197525
.00035857644
-.00000022176
.00000328425
.0000000101
.0014184229
.0071525428
.000004314
.0004687999
.00820985446
.01030448269
.00074574388
.00513593368
.01386306409
.009784627
.01555002619
-.00000001447
.00000002048
.000392894907
.00195875822
.00001664218
-.00000010753
.00122037917
.00036546318
.00057099418
-.0000006905
.004762391
.00000006833
.1666746874
.00075102603
.0000041415
.00954994431
-.0000010245
.00081823544
.00000006195
.00231692973
.1429388586
.0005443123
.0020183476
.01047849309
.00096104288
.0004964749
.00007085001
.0030811854
.00114537579
.00048119741
.0000029471
-.01820076563
.0000411384
.0028437572
.0032460222
.0030069986
.0000015064
.00545563395
.00061401737
.0002326078
.02208272462
.1366613884
.0019713116
.0026518467
.0000002566
.0000027717
.0001102988
.00023279157
.0102997131
.000451912607
.00694932999
.0132336227
.0000013196
.0019124025
-.02510924253
.0000825862
-.00000103177
.0026244543
.0014771797
.00067215144
.00019913699
.00000040219
.0005438794
.0001504741
.0009397581
-.00000006589
-.00000011508
.0000011548
.0007494618
.0000970021
.0064232565
.0013681217
.00310708629
