.05339529321
.0021058744
.00836776824
.0028528748
.0041796812
.03236922696
.00106705519
.03654262908
.01911787861
.04634237889
.04025411257
.00774687872
.0012724727
.0452047301
.0061919229
.01532432485
.00103096689
.0000188718
.00367032652
.01235629851
.01457358664
.0002378841
.03059077771
.00044210893
.0000006369
.0040858022
.00059367253
.0252583118
.01747150323
.0101494197
.0027013379
.0115619441
.0067491338
.00272222457
.02645394369
.0000594775
.45208215123
.4812402652
.0094841816
.00156787565
.0089714879
.0245755187
.00933340678
.0046887348
.0019288417
.03758574092
.00032633172
.02697267408
.0168659096
.0001644708
.0000000868
.00546021
.00036871156
.0022315849
.00129897165
.0008252424
.00139185853
.0303643124
.0038401298
.0025731107
.00011957611
.0177091756
.03341164022
.0239604585
.00052156798
.01913555523
.00025952011
.00030304071
.00887855648
.00007227132
.01752318657
.4623587483
.0075260072
.0000028378
.00038770921
.02250210352
.0368170909
.00137999159
.01261557758
.0144266016
.0143427354
.02933847278
.0030781826
.00243847988
.00658954747
.03121249359
.0021286836
.53436472696
.03149044668
.00022046224
.00050879206
.0058319613
.0000007029
.003580233
.40038562603
.0000006918
.0031234273
.03344862615
.00016999925
.0005351929
.0055541447
.00023510868
.00005015521
.02640180944
.00303143206
.00180101008
.01416740903
.0036901859
.0252898652
.00452552019
.02551260266
.0078844986
.01820995245
.0039817511
.00362168491
.0000000752
.01416618316
.0025638027
.001469275
.0404023895
.0121496466
.00153986123
.02865824939
.0058221038
.02956794596
.018175726
.00051193199
.03213667904
.00645818768
.0007472021
.0027411165
.01625077297
.01815889558
.02218829132
.0005076301
.01014170156
.03581431246
.00065237735
.54199087249
.0026739579
.00202140207
.00005725097
.01515634581
.00425537789
.0010628172
.01961250057
.0006894038
.03280848551
.02521859077
.000661583983
.0638015763
.00087511202
.00180246916
.02861226205
.0009128368
.0164427262
.0168645352
.0051545957
.00104919003
.0035595505
.00089493296
.00006465446
.00111990957
.03195141343
.0075011548
.0014549127
.55714408733
.01701337126
.02239708218
.00067739519
-.00000001717
.0012039107
.02589785228
.00186952705
.0134149207
.03026049538
.00349715715
.01395849602
.0206726876
.01895179774
.50873317322
.0139219849
.0001790448
.00483044929
.00281527456
.03150541351
.45165828529
.0129014298
.000389119
.01372164118
.00693279537
.0102220954
.0006730822
.0111829957
.0250611732
.00075832413
.0104629584
.0022590672
.00224882372
.00034999888
.03821324308
.00097501571
.04533545044
.01713108668
.0014464193
.00070266717
.000132363
.0266808487
.0008652322
.3283204616
.0062587102
.00009938077
.00133174964
.0022374718
.0071603222
.0133985165
.00084106643
.0000170591
.00030164771
.01516793087
.00068077398
.018749406429
.0002111597
.01478846897
.0035785906
.0066167019
.00246723116
.4068130848
.00031054575
.01571476127
.00087746556
.46598311917
.00054243048
.000870247
.017055802
.00027400567
.0349806212
.00490861988
.02511336743
.00023368361
.0024914546
.0358016693
.0085738975
.0024286724
.01910638511
.00770662427
.02315248034
.0457211121
.01346155664
-.1708581134
.00671060087
.02729014055
.00056239482
.0005060177
.0017302516
.006743393
.0022680098
.52868482445
.0109654012
.0115441707
.0148711194
.0028694486
.00084256316
.00371242
.0046821473
.00248590446
.00057968142
.007898602266
.0055274104
.4841203639
.59466489143
.0015828315
.01609956689
.0016090175
.00109396682
.0246853971
.0097113321
