.0009318035
-.00000028891
.0000020716
.0000697283
.00076403573
.01535527952
.01177964858
.0038592873
.00610854434
.2204293624
.193461943
.0000022975
.0067031316
.01491097423
.00017848543
.0099738989
.01539081893
.01081208415
.0065331191
.2887844236
.0019507629
.01169290097
.0021132136
.00215545831
.00031797858
.001598954628
.0074705988
.00749272764
.00142450914
.00687710033
.0000303452
.00345679806
.00362083428
.00045523863
.00783293854
.0000775337
.0020532697
.00733730571
.01308465151
.00797593183
.00115933377
.0011968058
.0056052524
.0043502766
.00895060387
.00027978726
.00965125063
.0009877074
.0041084899
.00017217983
.2923920871
.00070830031
.00024467876
.0000805763
.0008305322
.02165047653
.00580374211
.0010411685
.02970812263
.0093584824
.00252478948
.00136794663
.00035110785
.00017706765
.00032270338
.0105529611
.00522363276
.0003973896
.2241089342
.00667092292
.000723931063
-.00000003171
.01280048027
.0054128545
.00238744
.00048550406
-.0000001939
.0128117476
.00967743166
.00052072079
.0043257688
.00000274758
.00915839161
.00680343495
.0049623684
.00736913217
.0016716531
.2390542032
.004688417092
.00516675189
.00006863367
.0001280243
.2323608681
.00070480209
.0001686645
.19319179009
.2566151704
.00017187364
.02441280924
.00011806873
.2073492149
.00000014922
.0008846562
.1932256575
.0094221426
.00198449433
.00001890407
.00262003292
.00326436811
.0032253812
.0052748888
.0167620149
.0006728622
.0127030866
.231271882
.00857104762
.0098971266
.00091074906
.000001109
.00404503685
.00061183942
.0022225797
.0000640741
.0000142554
.0092945163
.0001796075
.0161354968
.01125223879
.21038252
.0120665724
.01763061732
.0014650898
.0000007261
.00255912637
.00017459279
.000344313
.01388398648
.01225282155
.0099810567
.00744006659
.001204879
.0047096207
.0027245733
.005811266
.00101000647
.02361272872
.0005185404
.0074226691
.0011369902
.02234994
.00013134906
.0000058578
.000443565184
.00007229321
.00021597148
.2777513264
.000563313
.0000092308
.0007150972
.0000006419
.00273183095
.0043091572
.00013795565
.0030013691
.01316469083
.01412247971
.0235271697
.0000233176
.01174259098
.00004681687
.00000007759
.0081993041
.00165824159
.0000078514
.0003860653
.00046209499
.0000683584
.2637751794
.0013251854
.001236567
.00125552573
.0047911159
.0000000377
-.00000019331
.0097916701
.00050653324
.00000010673
.2024381947
.0018332482
.00050607673
.0065427092
.00086531707
.00122421704
.00433008509
.00164929739
.00055709181
.00000436275
.0088993249
-.00000007667
.02376559764
.00507427489
.00011026335
.0070107442
-.00321251897
.00372706055
.0039235031
.00044997299
.013454845
.01374862305
.00005798923
.30548729305
.00034385567
-.00103964786
.0006474637
.0019768588
.00023023072
.00017613283
.00011645603
.00179167395
.0000066847
.0092113233
-.00000001626
.00002525106
.2397839715
.0002932161
.00162427803
.00058853786
.0000609201
.002109141
.00031996032
.0000001026
.00613507815
.00836966079
.00897194112
.00000002769
.00554748615
.00015102837
.0106978789
.0000004959
.00242385167
.0004405713
.00007165482
.01098799851
.0006789785
.0097744118
.00615835485
.0004490561
.01427802343
-.0000001031
.00010430568
.0031408451
.0135201657
.0181338116
.0004949206
.00601790829
.01903107487
.00802579882
.0210573336
.0111069268
.01734856768
-.00000014913
.0014529877
.00016977281
.02465948077
.00037923021
.00005686984
.220088788
.0007959259
.0002299132
.01732588172
.0000075584
.32051276499
.00004135449
.0022531454
.00434796675
.00048491098
.001278613722
.0000792187
.00019989831
.0007735353
.00008137396
.00045322017
.01917875982
.00035206291
.00599024533
.0012077123
.01164583598
.2786397049
.01055134553
.00074339793
.00401580579
.0043554052
.00000001496
.0000569966
.00000006292
.00012990662
.0037847895
.00012974721
.01453457938
.00043389593
-.00000024295
.0011275628
.0001448832
.0014141986
.0098971801
.02404284514
.00956175952
.0002296782
.00032182742
.00126979
.00086450788
.2913818607
.00083821057
.00782764696
.01228431714
.0032603523
.00788705585
.0075509963
.01254219381
.00001134657
.0326493805
.00005796829
.0009332126
.2634852676
.01029825842
.01460189226
.0022961685
