.0136919502
.02853551607
.00820520179
.01512734354
.0016921308
.0094271219
.02646514228
.0098206568
.0152064436
.017104119
.01623167514
.0006953717
.0019587023
.00954602844
.00323073673
.0032499311
.2738174807
.004380383
.42708927786
.01505108512
.0008566625
.00029818215
.00961357784
.00027449997
.2770308899
.0220328761
.01361472432
.0052046257
.03303018311
.01507347609
.0088711774
.00787161147
.0000276764
.01868432906
.01110131228
.37436723719
.0014842641
.0003267924
.006234763312
.0010170536
.01975549781
.0005328269
.00450256104
.00092410651
.001516684
.0013463866
.0296920007
.00484100854
.03112771608
.0075331048
.0120519653
.00930690106
.0103987619
.00197079016
.0000293105
.01554614895
.0019497311
.00167477617
.0042033976
.01148900569
.01416633828
.000813054092
.02124391914
.0030379044
.01337988048
.0023030289
.00078528597
.00165300846
.00538208903
.0230887519
.0025393048
.0080141163
.02703364534
.00059139443
.0048917801
.00027207198
.00574652144
.00127569948
.0015684967
.02028015549
.02084435577
.01332577199
.0108999427
.00878249659
.00072116461
.0015054539
.00736812847
.00390098854
.0000000683
.00040558462
.00070984274
.0095751119
.00958609668
.0203657589
.0051189136
-.0000001846
.01726412652
.0118623487
.00134008072
.0004975538
.0023459778
.00010669348
.3938796144
.01529199321
.00155419881
.0034227874
.01105719912
.0000356825
.0001129524
.00390430721
.0031455645
.00227562555
.00048237586
.00143634969
.00379252937
.01979271069
.00687710121
.0063983465
.00025868306
.00010398247
.00051779988
.00018545282
.00099842741
.00673197786
.01630907617
.0000019301
.0156863621
.00479766459
.0003533102
.02663249069
.03087472399
.0315559347
.00084611475
.01239592234
.00086399049
.00098338937
.01866919403
.304253217
.0038251486
.00003331764
.00225120483
.00142930108
.00287746551
.02315414413
.00080310925
.00251072986
.00255253175
.00148392676
.0061470362
.0065721547
.0144422645
.0043232613
.0080571199
.37896900468
.00020287626
.03514600034
.00353645063
.43903349739
.01258884877
.0000434406
.02351195434
.01422264904
.00017817634
.0091362155
.00220589607
.01638181252
.0000002052
.00124162862
.0198040715
.01482022225
.0014155645
.0034527818
.00030530797
.00142268446
.02653458471
.0065220087
.00074984981
.0030421228
.0008690738
.00899473962
.00770135968
.00757595931
.00151101766
.00113556131
.00314350186
.00086760549
.0001229133
.0014901512
.00058190796
.0000424412
.0062252142
.00321377355
.0000016056
.007249653
.02774443097
.002747717
.01843516873
.00173986013
.00115188327
.0007875806
.0094853598
.0119927659
.01268886633
.02757950125
.000513755
.00097149651
.0017648544
.01762641225
.00306234881
.0002216859
.00071046601
.0007266032
.0005907449
.00880038297
.000720552
.0023798017
.0050101886
.00011649246
.01564589333
.00412469498
.0000068742
.014272571
.0026057189
.00991572782
.02511345228
.00160251281
.019033079
.352378838
.02172227692
.00054957101
.00101562227
.0115749551
.00008147256
.0000000911
.4198072502
.00188788075
.00017372358
.00582209671
.0197456264
.0004872866
.02847229763
.00094864819
.01774993203
.01262860328
.01410188313
.00156998592
.01439957541
.02775035753
.0062489116
.01933896323
.00158982242
.00174568728
.0028943144
.0081034713
.0215849181
.01526165995
.00835074927
.0009526228
.0032340703
.00052339895
.00296955547
.03332956263
.0096609151
.0024294426
.3124588393
.0000001814
.02258190385
.00296407852
-.1646850555
.02299161925
.0000791248
.0015578902
.0148059451
.0000178682
.00757733877
.0041793311
.2777429302
.0026056172
.00108839675
.02632314255
.3505955888
.0028668922
.0078983312
.02810691099
.001894052
.0091925508
.0060429798
.0013894199
.00125564276
.00371920747
.00286561145
.01038157335
.0161452175
