-.0000000745
-.00000180585
.0441411341
.00000000793
.00001912657
.00000002772
.0000924651
-.0000001847
-.0000028245
-.00000004206
.00000024389
.0009830823
.001947089
-.00000012113
.0014709409
.00040693073
.0000018885
-.00000013127
-.00000011078
.0000087073
.0000014849
-.0000006952
.00000014893
-.0000007134
.01640465618
-.00000000103
-.0000003875
.0009585647
.0013978588
-.00000003501
-.0000004375
.00032724172
-.0000002584
-.00000001218
.0287238855
-.00000004266
-.00000031624
.0000069563
.00000013192
.00785680945
.0024843992
.00115185372
.1456862567
.0000004297
.00089762284
.00088829353
-.0000005133
-.0000006554
.0000023601
.00127818387
.0000009797
.00128393448
.00001793836
-.00000018908
.0000023544
-.00000013918
.0027599865
-.0000004854
.13728745318
-.00000031057
.0007327298
.00000008
-.00000052996
.00278166557
.0798884492
.0004451786
.0007277372
-.00000015704
.0000247001
-.0000001357
.1046514285
.00000003128
.0000036501
.00000019245
-.00000054198
-.0000001483
.000111545883
.00043933829
.1314677203
-.0000000637
.00000015408
.0000001747
-.0000002868
.00000003385
-.0000001245
.0005421071
.00000014994
.00061621564
.0890821469
.0000057248
-.00000003306
-.0000007079
-.00000010951
.0000009499
.0008853676
-.00000016606
-.00000019626
-.000000244
.00000069416
.0000397925
-.0000000632
-.00000001437
.0009103266
.0000003027
.0038817094
.0299244545
-.0000009866
-.00000050131
.0980071198
.0000000232
.0000001556
.00000003872
.00959753824
.00000316595
.00035225298
.0015543177
.0012154154
.0000105992
-.00000019391
.0000901647
.0851849627
.0000006426
.00000003833
.0000004212
.00049973707
.0001961704
.00104554175
.00000020355
.0000159271
.0005574038
.0007747061
.00014063351
.0769338741
-.0000021584
-.00000011633
.0000001044
.0001898379
.0001182262
.00000025063
.0000697927
.0027040356
-.0000003146
-.00000005384
.000000524
.0213380892
.00038285476
.0000004491
.0000002321
.00000006405
.0001454115
-.00000013812
.0000004275
-.0000001668
.00000020844
.0006788998
.1103527144
-.0000001076
.00001245954
.0036788953
-.00000035402
-.0000000986
.0026384223
.00201730342
.0004613616
.00000003851
.0013673421
.0000004688
.0000660603
.13882742772
.01241890423
-.00000022282
.0032400081
.00000006455
.000000602
.00036006805
.0007323692
.0005535846
.0000082704
.1351386489
.00013758812
.00000017382
.00000030306
.01315975047
.0000018015
.00431492573
.0002598836
.1133642684
.0000003975
.0005207788
-.000000225
.0236055347
.0000001449
.00174876775
.0014528751
.0000006558
-.00000001628
.00000017014
-.00000021475
-.0000001151
-.00000015605
-.00241316033
.000000194
.095847116
.00302516663
.0000004609
.0000005827
-.0000002648
.14637210054
-.00000000364
-.0000003778
.000020596
.00038556366
.0000100225
.0567506023
.0000007115
.00001503
.00530937815
.0000003553
.00000007878
.15153974635
.0003145135
-.00000019864
.0011116353
.00000026665
.0000786008
-.0000001692
-.00000000482
.18348414275
-.0000005283
-.00000005434
.0013216882
-.00000216308
.0000005697
.00000001107
-.0000009658
.08473534518
-.00000001934
.0001850022
-.00000025054
.0197375534
-.000000024044
.00332392695
.00000005668
.00000006296
-.00000025211
